15612
10391
17446
8389
10308
361
2873
20371
4004
24832
18520
26418
15373
12486
20821
5379
14033
15791
7076
17190
naw94wrm,.,02347
19496
20141
1760
14083
7598
19257
14150
16324
17635
29137
57
29912
1450
7796
24252
1138
4299
8487
1019
4615
a08sfY*YSD9823
22129
9332
28611
9428
26796
9190
6917
9814
28144
29327
12887
28880
9109
20866
24690
28105
28757
5721
10421
17547
1745
25007
20897
6308
6156
26023
23489sadf99w43h
24411
22633
5614
15460
7725
7022
1474
.sdf,mio23478234
20111
15622
4368
25272
18900
30709
32492
4196
10085
21170
20324
23870
17014
25365
12321
5408
32447
11164
16524
9163
32509
1513
20563
18274
sdferweasdf
27505
7490
11754
21229
j3298saldf239
18527
30992
1288
215
23696
5985
19750
21873
10193
5990
18435
4461
26994
29685
4131
13411
14023
19975
14155
3919
8619
18235
29959
26385
28408
27730
25892
9964
23824
12209
22070
8968
31320
29667
10259
27377
2999
9748
14934
11285
795
26775
27357
9289
1524
19808
9292
9285
952
8330
31880
8739
23645
17107
25404
23524
5858
5147
24663
2539
10182
28137
25228
8576
18319
11750
7633
10062
22853
20576
31201
4582
24820
6856
4282
15418
2605
22068
15647
26658
16006
6622
14615
20699
19478
9635
19564
19843
7162
19588
2861
926
30930
28457
9260
10644
25924
1625
16257
22832
632
15748
27909
29219
1691
7481
8920
3199
17245
17840
19420
31549
15474
14657
26168
24247
19989
14059
12758
18222
25472
9422
28388
26437
15733
2737
11351
22148
18616
7293
9827
25559
1170
21696
13572
30732
31056
7979
19065
2136
16066
4884
