3090
9749
28453
16339
31376
9547
9460
21046
6373
8178
9699
24093
15756
22883
20751
17556
8932
14330
24763
15081
6578
2967
25802
6446
19356
25632
19784
14523
3503
30717
1250
25257
17113
6810
7017
20056
20080
17129
83
12266
5802
8670
19769
22213
5923
18673
8282
23573
858
24735
1815
24903
31027
28392
30837
24207
17271
11730
24478
356
11343
29158
13920
6911
24525
8366
12205
7903
24164
14141
29209
12616
32619
24743
25183
17855
925
7300
32221
19855
14236
30066
17683
30280
9833
18320
13864
30779
23534
5891
22373
29951
14196
30324
20919
26095
20013
32144
6961
6825
23980
20360
12680
18320
20072
12687
25750
9291
17980
12638
12504
6724
19178
23475
10735
810
29843
717
29987
30576
12353
5362
21467
11468
4702
745
15910
25785
14650
13953
3382
27381
16264
6408
13791
9219
16097
10708
4893
11177
25152
9406
16523
883
2180
14498
1260
20783
30450
19937
19622
11632
7088
23775
13378
523
24651
21637
8942
30877
3122
4287
29947
30979
14137
24831
13919
14304
19479
7865
27955
21786
6887
21477
29750
2653
31659
29056
25929
27031
196
5643
5106
11130
14716
25610
6105
3581
1149
26758
26445
17115
29271
4492
448
28179
14333
13484
10822
13415
12616
9595
12827
23005
29555
23569
21274
28737
28574
11148
6727
5536
9547
2187
25157
17102
25828
24499
24032
10721
8755
31790
12933
9396
22248
